649000 100.00
399000 63.00
550000 94.70
353376 55.00
499000 70.00
355000 53.00
540000 70.00
599000 90.00
309000 46.00
259000 27.00
489000 64.20
410000 52.00
460000 66.00
399000 80.00
351972 67.00
398000 73.73
413200 73.63
285000 53.50
347000 77.00
369900 54.00
255000 48.00
316000 41.00
305000 49.50
250000 29.00
370000 70.00
303932 47.20
324012 41.54
345000 49.00
290000 53.50
284900 54.90
256180 44.20
405900 55.00
404900 62.00
283000 41.75
410000 69.00
429000 77.10
629000 71.00
399000 57.30
640000 112.00
980000 110.00
345000 64.46
189700 31.00
380000 48.00
430000 65.93
420000 69.55
360000 47.42
379000 73.00
385000 54.00
579000 88.00
398000 66.00
294000 29.15
545000 78.51
477000 50.00
